10,72
10,76
10,234
10,236
10,280
10,114
11,28
11,20
8,5
8,15
8,13
8,7
8,8
8,18
8,1
8,10
8,2
8,3
49,3
49,1
47,3
47,1
46,3
46,1
45,4
45,3
45,1
43,5
43,3
43,1
34,4
34,3
34,1
26,3
26,1
21,3
21,2
21,1
21,0
20,3
20,2
20,1
19,3
19,2
19,1
12,3
12,2
12,1
11,29
11,27
11,24
11,23
11,22
11,21
11,19
11,18
11,17
11,16
11,14
11,13
11,12
11,11
11,10
11,8
11,7
11,6
11,5
11,4
11,3
11,2
11,1
10,312
10,304
10,266
10,265
10,262
10,257
10,248
10,239
10,230
10,224
10,209
10,205
10,198
10,197
10,191
10,180
10,165
10,161
10,151
10,146
10,143
10,104
18,1
10,98
18,3
10,90
10,83
10,81
10,80
14,1
10,75
10,74
10,35
14,3
10,34
